time,x,y,z,phi,theta,psi,x_velocity,y_velocity,z_velocity,phi_velocity,theta_velocity,psi_velocity,rotor_speed1,rotor_speed2,rotor_speed3,rotor_speed4
0.06,-1.18642564878e-05,8.91614104522e-06,10.0033103214,0.00202692306946,0.00335820573807,0.0,-0.000723610815835,0.000524511942329,0.110338494804,-0.0168419195111,0.0189103394958,0.0,438.82959519304694,440.3961604216881,441.41765558278024,440.0259599020316
0.12000000000000001,-0.000175495870223,0.000110612011578,10.0186127001,0.00584537647698,0.0102711835343,0.0,-0.00559697635723,0.00333199129841,0.399677992336,0.00606029772332,0.0440701022852,0.0,492.1052720142872,493.96396375953293,492.86147663462344,494.5510498500086
0.18,-0.000740872345352,0.000439039525706,10.0460713959,0.00694202328487,0.0135774863264,0.0,-0.0135853526124,0.00774084774503,0.515561458582,-0.00459498182219,0.0518638529785,0.0,441.8600091456586,442.50326822385404,442.4899394566629,441.6119984215461
0.23999999999999996,-0.00187234415201,0.00107530155369,10.0815796781,0.0115552199887,0.0169740252598,0.0,-0.0245100183797,0.0139482832201,0.667960953801,0.0184559863629,0.0446965325873,0.0,453.8469314051913,453.27286743691303,452.62222114071784,454.4732483042542
0.3,-0.00372781778058,0.0021773455968,10.125949988,0.014608741165,0.0200727409795,0.0,-0.0376669201887,0.0231009422978,0.810948219837,0.0325849419343,0.0506706360476,0.0,450.09223329039787,450.576670289929,450.8286811325552,451.9687456991954
0.36000000000000004,-0.00655679634533,0.00394026730023,10.1821153223,0.0165543843421,0.0342906340718,0.0,-0.0583506801137,0.0359032946981,1.06098417114,0.0308316564655,0.0861139488489,0.0,481.10526901936015,483.783620759776,483.53721281392984,483.4054154451861
0.4200000000000001,-0.0110550558032,0.00657493910714,10.256388823,0.0190494151749,0.0395047441039,0.0,-0.0923038403191,0.0522496539001,1.41439720987,0.0385115988978,0.087580632598,0.0,512.0805797798308,512.1899998920264,512.3088880913903,512.8548833124646
0.48000000000000015,-0.017587886273,0.0101963756107,10.3479886041,0.02413576098,0.0463785979048,0.0,-0.126257580388,0.0690499749599,1.63858580908,0.055601209426,0.100370166987,0.0,475.85535950021995,476.8397869108197,476.74150270442993,478.0463551219111
0.5400000000000001,-0.0262326603237,0.0148775627724,10.4502944573,0.0278966672691,0.0628814813488,0.0,-0.163619561424,0.087393041383,1.77130804148,0.0471606889418,0.134653551595,0.0,448.52418064624686,451.3106727375047,450.75240860459894,450.07162713717787
0.6000000000000002,-0.0371913772551,0.0206229532981,10.5565689685,0.0307271881491,0.0716622524236,0.0,-0.202446118906,0.104364850306,1.7711119923,0.0472038792657,0.124199093909,0.0,408.1454242375555,407.2288796183206,407.5362418691868,407.54165999301927
0.6600000000000003,-0.0507118140217,0.0274802145827,10.6639375754,0.0364288861189,0.0791027765744,0.0,-0.248921637957,0.124718621569,1.80770830042,0.0645986396281,0.123265438696,0.0,420.5624889343225,420.4965044079052,419.05637286167524,420.56765501002303
0.7200000000000003,-0.0673241067815,0.0357343270793,10.7753783205,0.0415926830677,0.0896751851702,0.0,-0.305867815632,0.150922808361,1.90670382421,0.0758876770807,0.141625254923,0.0,439.44446003445603,440.9791355660254,440.80390314166544,441.7393196953953
0.7800000000000004,-0.0878186810517,0.0457957080392,10.8954174036,0.0497551654674,0.100292106372,0.0,-0.378459402702,0.185400013478,2.09410029924,0.0538414617269,0.156417122377,0.0,467.57000935784015,468.73982302146,469.83231422305767,468.123350157864
0.8400000000000004,-0.1129001466,0.058090708535,11.0265333791,0.0541189795588,0.110177295125,0.0,-0.458675961054,0.224920594715,2.27592020115,0.0409177121739,0.163055828151,0.0,468.16355622701496,468.70224136733634,467.94100356787715,466.9353388176073
0.9000000000000005,-0.142733436612,0.0727133161083,11.1659482484,0.0581698385393,0.119948685982,0.0,-0.536737717349,0.262905652661,2.37088426342,0.0258273903334,0.1619416322,0.0,442.0590007454618,441.9925501918239,443.0932607956019,441.8515807238106
0.9600000000000005,-0.177839111761,0.0898535429534,11.3137459396,0.0614837294812,0.142868389759,0.0,-0.635982177649,0.308785361996,2.55490896684,0.0100276677247,0.200562884673,0.0,469.4179400264179,472.4328967188508,470.85139659370196,469.6274994032355
1.0200000000000005,-0.219167183566,0.109724017766,11.4710077372,0.0650207166546,0.154891791413,0.0,-0.742860833336,0.35388651426,2.68658358852,0.0276339941905,0.198915806667,0.0,456.7423075512481,456.6489348010152,455.09852279403754,456.5054845838495
1.0800000000000005,-0.267437222098,0.132477228604,11.6378002361,0.0666667600186,0.167483368837,0.0,-0.867503205778,0.40469214457,2.87240273126,0.0264608293178,0.206672048087,0.0,474.3464912610027,474.97868389166194,473.2253373708867,473.1351522091489
1.1400000000000006,-0.322965104853,0.158112853045,11.812692025,0.0684351749529,0.179871685519,0.0,-0.984624353878,0.44997378401,2.95680445853,0.0204511486234,0.205521751544,0.0,444.78721625460986,444.7347931113781,443.9422593805225,443.44895549770433
1.2000000000000006,-0.385724054875,0.186476257919,11.9921093966,0.074130484144,0.203924104921,0.0,-1.10959893205,0.495951285616,3.02301953875,0.0424378546539,0.241843254416,0.0,438.72662360099787,441.7793810390762,438.25161892510283,440.0756072486244
1.2600000000000007,-0.456177068943,0.217600840136,12.1741607308,0.0768190440726,0.223078858419,0.0,-1.24052705078,0.5417383109,3.04480012718,0.0369347123649,0.264279260953,0.0,426.10115319911534,428.0799192361855,426.5884331914535,426.1191775121404
1.3200000000000007,-0.535277142475,0.251661246526,12.3593506908,0.0790268727314,0.240425926772,0.0,-1.39781712184,0.593764648068,3.12740405425,0.0350637418414,0.249650603981,0.0,449.1143890234998,447.99340385735843,447.47932183802965,447.32757330619836
1.3800000000000008,-0.624120511692,0.288868893169,12.5492514322,0.0815271756108,0.255729950534,0.0,-1.56507228777,0.646677809378,3.2018435263,0.0268623158102,0.242089480546,0.0,447.3397374241804,446.7844091234012,447.42878332713775,446.76094090275257
1.4400000000000008,-0.723405628362,0.329318519953,12.7438864981,0.083130197531,0.272239402403,0.0,-1.74597561578,0.701725460114,3.28510106553,0.0250343288033,0.256364659849,0.0,450.77012553789547,451.98221919796964,452.02934748483665,451.8821380000602
1.5000000000000009,-0.833785031627,0.373072310291,12.9430708522,0.0865270317958,0.288753653495,0.0,-1.93484940328,0.756998715909,3.35345512824,0.00870769401621,0.266881602885,0.0,449.39517937442065,450.31390003355324,448.53258659769614,447.2045908672789
1.560000000000001,-0.956026093006,0.420286361812,13.14690442,0.0986163354486,0.304860982301,0.0,-2.14134695405,0.817879085919,3.4398463385,0.0447830988957,0.262105401978,0.0,456.39294297025685,456.08052828231735,455.9732157138722,458.8463990458608
1.620000000000001,-1.08983372445,0.470994569878,13.3521758899,0.10137237206,0.320755825149,0.0,-2.32020846085,0.872556519786,3.401944069,0.04046410221,0.265558327265,0.0,417.50407380853426,417.87990958603046,417.5089106786443,417.13306371206056
1.680000000000001,-1.23620933925,0.525498646129,13.5597048725,0.106451518257,0.33717085112,0.0,-2.56051032683,0.944611064052,3.51432047166,0.0571411154428,0.256660607352,0.0,469.5662078395934,468.9409101050986,468.49119017364046,469.7873235536427
1.740000000000001,-1.39688965818,0.584314164864,13.7725259435,0.12218616422,0.352648405328,0.0,-2.79685030869,1.01725846208,3.57837210759,0.0943878301209,0.252173398261,0.0,456.5130955087301,456.2184376955571,455.590281581751,458.5625588632193
1.8000000000000012,-1.57216374737,0.647780075177,13.98930188,0.127886099088,0.368016644382,0.0,-3.04693861608,1.09866028733,3.64616176943,0.0907703798294,0.256447458168,0.0,461.20118196362756,461.60062059907733,460.54012660017867,460.26089616128627
1.8600000000000012,-1.76133912278,0.715752009619,14.2063741991,0.133406795278,0.383916141571,0.0,-3.26015429616,1.1673914714,3.58877408799,0.0927913201254,0.263180547,0.0,421.4456098428379,422.09845323971643,420.23389511932857,420.41661210833024
1.9200000000000013,-1.96324995385,0.787807983691,14.4190404945,0.140395786937,0.404562516897,0.0,-3.47177133408,1.23485080756,3.49918047739,0.104706450386,0.237810487144,0.0,413.0357333546703,410.86288271312844,410.46295864753625,411.528002620045
1.9800000000000013,-2.18129584319,0.865008700712,14.6332438631,0.148800702046,0.429514730241,0.0,-3.79871147992,1.33905854681,3.63832119459,0.0875013003889,0.20078340128,0.0,493.3444713866845,490.647924936866,492.60551165779515,491.33888336477463
2.0400000000000014,-2.41793305663,0.948101747054,14.8522345619,0.155710007032,0.442647806577,0.0,-4.09016599378,1.43112286765,3.65992137198,0.0721392767206,0.211061208079,0.0,458.81847077537054,459.6732745926386,458.7915777493427,457.57539701946615
2.1000000000000014,-2.67161064403,1.03657791921,15.0708657367,0.161773966962,0.459533086643,0.0,-4.36698359636,1.51833740819,3.62639178372,0.0854202918042,0.23239936525,0.0,442.4933977304657,444.29393927440645,442.1956435183234,443.2931848953983
2.1600000000000015,-2.9420227488,1.13030564815,15.2869685911,0.16941479553,0.473507285536,0.0,-4.64775329792,1.60629309531,3.57574327921,0.101635646964,0.233449942142,0.0,439.7380204352766,439.8796129535274,440.12638783093684,441.4736306689998
2.2200000000000015,-3.22989079631,1.22951174972,15.5005096275,0.175754621984,0.492438392076,0.0,-4.94919348094,1.70078423387,3.5405409763,0.0949174013317,0.20791047115,0.0,450.7410135230889,448.7216398295888,449.1194931853418,448.5825757210403
2.2800000000000016,-3.53803832018,1.33506053527,15.7151376474,0.182009451835,0.506346665761,0.0,-5.32322119403,1.81769023648,3.61145924208,0.102000248916,0.219880240491,0.0,489.18250856481313,490.11285567422703,489.70336150150746,490.2371528557733
2.3400000000000016,-3.86638860946,1.44688101284,15.9293164939,0.190435543353,0.52003683633,0.0,-5.62267531658,1.91002111787,3.52640367068,0.0841211914454,0.226497056938,0.0,440.7794073658785,441.3752662059229,440.5653640687869,439.0922956668778
2.4000000000000017,-4.21396332595,1.56465409707,16.1399309777,0.195602635758,0.534929195343,0.0,-5.9640305938,2.01577820822,3.49218131809,0.0789432765459,0.237855254028,0.0,462.1075977559629,463.052678474402,462.9234551304969,462.52097361572913
2.4600000000000017,-4.58454930782,1.68955813065,16.3519749791,0.204242621347,0.549232121827,0.0,-6.38945523766,2.14793030435,3.57303793737,0.0994187194144,0.238942135407,0.0,507.08622773524957,507.2132503390514,505.72301374478417,507.20105737564666
2.520000000000002,-4.97668752164,1.82108218442,16.5617624603,0.213045514684,0.564558140434,0.0,-6.68273873193,2.23646240291,3.41845868402,0.0797255976718,0.248703258874,0.0,429.1214035063589,430.01023379065487,429.49141609281656,427.8251276183241
2.580000000000002,-5.38644442162,1.95789949866,16.7617353969,0.217817057689,0.579485357383,0.0,-6.97673762666,2.32407259579,3.24599076417,0.0785703249681,0.248932170643,0.0,425.6579481716057,425.74255521834857,425.92007285925666,425.8265722192501
2.640000000000002,-5.81551439256,2.10044931768,16.9532728459,0.223342442333,0.599808290178,0.0,-7.32659641535,2.42741447376,3.1363095288,0.0873086818373,0.273183948528,0.0,453.3239024714999,455.3337209277073,453.8894072441325,454.5955565019073
2.700000000000002,-6.2675274599,2.24972568714,17.1402332067,0.228569017979,0.621017318058,0.0,-7.74135447288,2.54812039795,3.09259102067,0.0861968599876,0.296056935921,0.0,483.4719328899488,485.2653027355737,485.4406998600276,485.36279283340485
2.760000000000002,-6.74442908007,2.40612942283,17.3237229042,0.236854248821,0.639734426548,0.0,-8.15596704024,2.66520473648,3.02071249434,0.104362528285,0.284089831724,0.0,482.86314014522185,482.0386593299485,481.44315992219003,482.8224682071379
2.820000000000002,-7.24300109828,2.5684809365,17.4979768336,0.243823383137,0.660169879342,0.0,-8.4639965059,2.74636894076,2.78591272133,0.0938706241508,0.262682717852,0.0,426.1621484354849,424.40937218207637,425.9985663708474,425.1094589498749
2.880000000000002,-7.7609442914,2.73589924199,17.658667669,0.252919146324,0.676786388826,0.0,-8.80141189153,2.83419692533,2.56847503263,0.0722479273085,0.271684307778,0.0,437.3237477074859,438.1454432893676,439.1800691483095,437.3887080517738
2.940000000000002,-8.29871596414,2.90839428317,17.8052568049,0.258655324568,0.694682929965,0.0,-9.12501734928,2.91536081479,2.31599268372,0.0580245654993,0.284371320843,0.0,428.70657956394126,429.86348184770145,428.71342062930563,427.5063754685549
3.000000000000002,-8.85885141806,3.08654325567,17.9395259511,0.262133812905,0.719154347332,0.0,-9.54664102273,3.0221388185,2.15622495286,0.0578646800174,0.253327564658,0.0,474.07323865981914,471.7522975636029,474.5373584399908,474.52717236282865
3.0600000000000023,-9.44127684416,3.27003575669,18.0601655183,0.266769336414,0.734376947843,0.0,-9.86815113417,3.09391769467,1.8634240367,0.0447867496327,0.254174671284,0.0,424.98515724864325,425.1255734280304,426.1383584591045,425.02057096630824
3.1200000000000023,-10.0449828788,3.45829794381,18.1648798965,0.269610289156,0.749638321969,0.0,-10.2556595761,3.18085790981,1.62470806164,0.0391266655427,0.254631677394,0.0,454.9195068033353,455.0194257022326,454.82458449909564,454.3718472265229
3.1800000000000024,-10.6698052804,3.65102020744,18.2525377061,0.272005490655,0.766975372619,0.0,-10.5723601028,3.24266656191,1.29545021607,0.0406009060652,0.269195096351,0.0,419.825354173406,421.15946914573954,420.78663530452445,420.9151793984782
3.2400000000000024,-11.3140279512,3.84741446846,18.3203538168,0.274493659184,0.783119545969,0.0,-10.9022431739,3.30321779414,0.963207893981,0.0366268542563,0.268728467672,0.0,425.3131460742498,425.349787307569,425.0380404510207,424.69802268834127
3.3000000000000025,-11.9793737466,4.04765196537,18.3690312415,0.276823927848,0.799231235812,0.0,-11.2761890438,3.37062733794,0.657012252329,0.0312602283539,0.267573902602,0.0,443.53886597042526,443.51682746522374,444.23056060738804,443.7906185080958
3.3600000000000025,-12.6675324616,4.25186938574,18.3991618627,0.279787140236,0.815802329655,0.0,-11.6625346705,3.43582218439,0.344760444565,0.0415471018368,0.258406961274,0.0,448.75057129808926,448.07542961060483,448.3801964360014,449.2159770086918
3.4200000000000026,-13.3813380188,4.46047741364,18.4122312989,0.287495521487,0.833097413835,0.0,-12.1304238433,3.5169352598,0.0872817501235,0.0653929283756,0.242497296833,0.0,483.00218313075766,481.85922194119956,481.3159427470046,483.1193101659926
3.4800000000000026,-14.1205226378,4.67311471716,18.4068993865,0.292104737487,0.848301041327,0.0,-12.5090598322,3.57018114307,-0.267562787968,0.0550428220281,0.23235707281,0.0,447.9747884344879,447.2058136303203,447.6815094072108,446.8409105562574
3.5400000000000027,-14.880130059,4.88820103587,18.3778351968,0.29624235724,0.862689494085,0.0,-12.811701743,3.59868733489,-0.703059776308,0.0639244850458,0.223733443674,0.0,415.0431890017574,414.34180662566877,413.5915756764859,414.3760843923727
3.6000000000000028,-15.6561763192,5.10440357439,18.3207840647,0.300325127512,0.876320800354,0.0,-13.0574520964,3.60748270586,-1.19995438436,0.0571458473962,0.227662168473,0.0,386.5869783912741,387.0157028472642,386.27466393994695,385.6378860958182
3.660000000000003,-16.4530289639,5.32246509214,18.238283848,0.314907115165,0.896141606244,0.0,-13.5032785538,3.66030016508,-1.55388718774,0.0925491079286,0.253677667071,0.0,468.3849818455922,470.4571516942761,469.04184086977085,471.7879104268454
3.720000000000003,-17.2757565471,5.54333074443,18.1332726052,0.32503998497,0.917015925785,0.0,-13.9199477566,3.70071224665,-1.95015727584,0.0678745119293,0.226401467144,0.0,462.1529122566316,460.05463816712995,463.0087439792849,461.0680670434322
3.780000000000003,-18.120144857,5.76560993731,18.001496959,0.329833133438,0.930764898186,0.0,-14.2266216085,3.70764330116,-2.44449288018,0.0572974368,0.220592362764,0.0,419.9341511431132,419.48293345592043,419.79801119938844,418.8820126823218
3.840000000000003,-18.9829906342,5.98810649589,17.839622765,0.334345571142,0.943992090641,0.0,-14.5352147023,3.70788788818,-2.95351189176,0.0675159985857,0.220055458689,0.0,419.108647254178,419.11327454363106,419.4090353331436,420.2989603969091
3.900000000000003,-19.8663054329,6.21085646294,17.6480449868,0.34138805911,0.957185226494,0.0,-14.9082846294,3.71588620911,-3.43526382742,0.0473307974923,0.21838430381,0.0,444.1901157152087,444.1006960180306,446.2773999767258,444.6285390571283
3.960000000000003,-20.7748839822,6.43452275263,17.4289232769,0.346654706586,0.971003110309,0.0,-15.3764745146,3.73805932222,-3.87259834062,0.0632377101133,0.207843558315,0.0,481.3735083164668,480.6165870913872,480.7445848913791,481.95054075890414
4.020000000000002,-21.7104077334,6.65898201648,17.1822127721,0.350606687325,0.983482992069,0.0,-15.806866953,3.74234639565,-4.35456069393,0.0665503194083,0.208240766316,0.0,470.4420867530829,470.51277874921306,470.086727411072,470.34626220557175
4.080000000000001,-22.6672625069,6.88238905644,16.9031881822,0.358183992118,0.999988460119,0.0,-16.0881251548,3.70316640558,-4.94884394839,0.0861237758269,0.185067492887,0.0,416.618860656526,414.6290735539951,414.99188539189987,416.71208461807277
4.14,-23.6467673656,7.10446296537,16.5914529395,0.368874752786,1.01122635907,0.0,-16.5606334109,3.6974928976,-5.44622801277,0.110696060887,0.188050130821,0.0,486.4397713134907,486.6934890252215,486.4723583894576,488.3165158619339
4.199999999999998,-24.652120629,7.32532190403,16.2478012241,0.381289156429,1.02761227152,0.0,-16.9496062903,3.66252384107,-6.01251073137,0.135842169176,0.162074130825,0.0,462.3994951423054,460.3773205364054,460.73875575651834,462.73591682271143
4.259999999999997,-25.6799686273,7.543558519,15.8691285539,0.38982672933,1.04060984741,0.0,-17.3112228716,3.61010288836,-6.61326838899,0.141561324795,0.141018191433,0.0,455.51383840418566,453.8480765215188,454.9160660032557,455.39114115321445
4.319999999999996,-26.7282618079,7.75800473085,15.4531335685,0.398895822586,1.05107875347,0.0,-17.6318574025,3.53617952344,-7.25620967827,0.131964473547,0.124248751588,0.0,442.217680337865,440.85038647636,441.68690995140895,440.9121314458195
4.379999999999995,-27.7975533632,7.96800529833,14.9988713861,0.407604215279,1.05933036323,0.0,-18.010980378,3.46168006494,-7.88927262313,0.120950131919,0.113196878487,0.0,462.33042962997104,461.47082345884456,463.00547891816706,462.15193169788756
4.439999999999993,-28.885185856,8.17211267585,14.5036809455,0.417168156863,1.06618061165,0.0,-18.2450946775,3.33991369847,-8.61948620233,0.136430845273,0.114903724573,0.0,407.2842548022369,407.4498014536656,408.18614567315376,409.5823112091824
4.499999999999992,-29.9903944786,8.3692130471,13.9657824757,0.425907076093,1.07394336421,0.0,-18.5955214892,3.22765489792,-9.31392460035,0.14346463549,0.103423651886,0.0,449.00401478123155,448.08190247999266,447.5339507602393,448.1241577374879
4.559999999999991,-31.1142803129,8.55852401433,13.3843143345,0.435523685123,1.08120829185,0.0,-18.8687045308,3.08023207825,-10.0713669945,0.153331177827,0.113562389359,0.0,417.1609771518399,418.05679214414465,418.56491518033965,419.4448986521002
4.6199999999999894,-32.2582642847,8.7392405954,12.7584903568,0.459575898459,1.10115100006,0.0,-19.2603674786,2.93976248631,-10.7935399364,0.109896130075,0.0726513393609,0.0,463.0206748012931,459.79713251003375,463.35891591890027,459.9467066791605
4.679999999999988,-33.4250961215,8.91074291499,12.0885044909,0.474077245101,1.10698103405,0.0,-19.6342358074,2.77360032294,-11.542957842,0.139523112035,0.0581109409593,0.0,461.63261397227615,460.48634548092934,459.38751068047253,461.7447351749736
4.739999999999987,-34.6106685018,9.07071688595,11.3711318094,0.4826399014,1.11243765761,0.0,-19.8870777452,2.55574562981,-12.3727934192,0.13338312433,0.0723325271997,0.0,415.3912884546226,416.64065746068974,415.78490063077487,415.265169483849
4.799999999999986,-35.8137756547,9.21740544341,10.6041340969,0.495291554077,1.1229642959,0.0,-20.2163667317,2.32992342913,-13.19776705,0.108533174226,0.0984055153946,0.0,439.55230593296994,441.71467773555804,440.27668318237016,438.2289051423979
4.859999999999984,-37.0368281797,9.3497891451,9.78689480716,0.502068122535,1.13611785396,0.0,-20.5512803592,2.07882489142,-14.0484022922,0.101571327351,0.0676863499408,0.0,444.56954256999063,442.0500865641472,442.7332420933476,442.16959676495463
4.919999999999983,-38.2785405328,9.46596521563,8.9170761967,0.510480352921,1.14340684077,0.0,-20.8407784197,1.7895269172,-14.9499897501,0.0836496107394,0.0862033427488,0.0,425.9885801151845,427.5747708192559,427.08216128459196,425.557902614021
4.979999999999982,-39.5389591186,9.56413999116,7.99262599438,0.517233169783,1.15172010132,0.0,-21.1741326573,1.47836669614,-15.8703041685,0.0679749433671,0.0655511598086,0.0,439.54016109998014,437.8291667995912,439.4755066294004,438.1784031087516
5.0399999999999805,-40.8204249441,9.64285695564,7.01216382371,0.526202952698,1.15570779326,0.0,-21.5436273123,1.14040465413,-16.8172701131,0.0910313418085,0.067178419222,0.0,447.24359502579205,447.37941110542374,447.1343025936104,449.01455224262173
